4.73
12.4
6.66
9.44
8.94
0.51
1.38
-1.15
5.7
5.15
6.7
1.9
1.3
2.0
1.3
3.4
7.1
7.2
3.25
10.6
2.61
9.17
8.35
4.52
1.89
8.95
3.0
6.1
3.05
10.15
7.04
5.65
6.23
5.74
10.2
9.33
-3.7
6.22
9.75
9.0
10.3
1.8
7.63
3.39
-3.77
-4.77
-4.2
9.6
4.3
4.57
5.2
9.66
4.5
7.11
3.4
3.9
8.34
7.68
9.41
6.2
2.61
5.55
7.0
7.77
5.7
6.58
9.67
9.94
5.12
5.45
8.1
5.35
5.26
4.36
4.01
5.41
9.21
8.27
9.35
8.6
5.92
5.6
5.73
3.5
10.13
7.15
4.95
10.58
4.26
5.11
6.6
10.04
5.47
4.3
6.45
5.85
9.87
4.84
9.87
10.39
10.8
4.22
8.78
9.8
4.81
9.14
9.53
9.67666666666667
8.18
4.64
4.29
6.04
5.93
8.42
3.7
5.02
9.87
4.11
9.0
7.8
10.28
6.37
9.41
10.3
9.44
7.12
8.85
5.44
1.75
9.27
7.55
9.53
9.55
6.05
9.0
9.5
9.64
8.8
10.29
9.88
5.15
10.4
10.62
9.41
10.8
10.7
9.0
9.3
11.325
10.16
8.1
9.12
8.66
9.54
9.47
7.09
9.37
6.65
11.34
10.7
10.575
10.8
11.3
10.52
10.43
9.71
9.3
10.64
11.18
11.6
10.9
8.9
9.3
9.2
9.4
9.36
9.24
11.57
8.43
8.23
10.96
10.19
9.55
7.16
10.2
10.65
-0.7
-0.78
3.09
3.16
2.04
-0.96
6.09
3.7
-0.78
-0.74
4.8
3.1
4.82
6.99
4.68
4.97
4.97
3.4
7.7
7.4
4.85
4.77
4.42
4.6
4.82
3.8
8.87
2.83
3.15
2.24
8.46
3.16
2.79
2.62
3.13
2.9
0.53
1.48
-0.92
3.55
-0.83
-0.84
4.87
5.0
5.1
5.51
5.69
5.15
5.8
8.1
0.15
10.0
2.36
-1.8
6.45
3.05
5.05
4.88
5.63
4.93
4.15
-1.6
4.5
5.81
3.71
3.93
4.75
1.99
1.5
9.3
-0.84
4.49
2.68
6.6
5.01
5.85
4.1
5.11
0.31
0.77
2.295
3.8
4.65
5.8
6.2
5.86
3.77
6.71
8.23
8.4
5.98
3.85
2.4
1.45
1.5
-0.22
9.375
2.25
4.89
6.65
2.08
3.32
12.94
8.85
7.79
6.9
4.26
6.41
6.85
2.55
7.55
9.68
8.92
2.15
11.79
11.76
6.78
6.78
9.25
5.83
10.71
6.27
7.79
5.24
7.92
1.9
1.8
17.61
11.57
8.8
10.35
5.3
4.88
9.99
9.56
4.2
4.19
3.1
10.03
6.09
8.81
8.32
5.32
2.47
9.58
10.53
9.06
8.3
9.24
8.22
11.19
9.48
-0.56
4.1
3.78
1.34
8.87
7.99
7.08
10.99
-2.2
9.4
5.2
7.5
4.17
5.2
9.46
6.39
9.98
6.03
6.55
7.18
6.65
7.3
10.51
4.6
11.5
9.19
4.6
8.81
4.24
4.6
8.51
9.51333333333333
9.4
10.75
4.99
9.6
9.52
9.0
4.53
8.04
2.6
11.04
9.34
9.33
8.8
9.6
8.6
9.8
7.07
8.27
10.47
6.1
10.04
9.37
9.73
6.98
6.28
5.15
11.2
10.35
10.65
10.6
10.63
9.55
9.0
9.1
9.0
9.5
10.12
10.0
-0.76
2.64
5.24
5.28
2.68
-0.77
3.12
2.88
-0.81
5.3
4.65
3.92
3.89
6.16
4.24
2.35
1.75
3.8
4.0
1.7
1.73
4.03
0.0
3.96
5.695
6.55
-1.55
3.18
5.32
0.33
3.8
1.8
-1.27
-2.5
8.9
8.0
9.32
6.17
1.87
1.66
4.28
4.38
3.81
4.53
6.37
3.53
4.09
4.61
4.52
2.4
2.66
4.52
4.66
9.62
5.41
3.23
5.32
4.31
5.18
3.8
4.57
4.83
4.41
4.48
7.06
6.87
4.1
9.53
10.32
3.75
2.0
3.8
8.36
4.035
5.0
2.35
6.05
8.29
11.12
8.97
3.09
-1.12
-0.4
11.76
11.31
7.23
6.78
11.2
6.12
10.3
8.61
10.54
9.82
5.28
7.8
5.07
6.71
2.2
8.05
3.65
5.6
9.7
8.55
7.74
10.7
8.43
3.69
9.79
5.7
8.0
7.36
1.06
4.19
5.21
6.13
9.98
8.02
8.7
11.4
8.65
9.55
10.2
8.94
10.91
9.45
4.11
7.02
9.8
7.22
7.235
7.58
10.7
9.77333333333333
10.8
12.13
9.7
10.0233333333333
7.6
9.85
10.3
9.43
8.21
10.09
5.48
10.5
9.02
8.11
7.9
10.63
11.01
8.87
9.1
8.5
9.6
11.075
10.79
10.11
3.03
4.03
4.2
4.22
1.31
2.2
4.0
4.0
11.35
2.6
1.0
4.71
10.78
4.41
4.53
4.52
6.68
7.3
3.38
3.27
5.69
3.54
5.36
5.0
6.88
5.03
6.04
4.4
8.04
5.2
7.31
9.99
4.68
6.34
7.17
3.4
2.6
3.0
7.45
4.55
4.68
6.82
5.09
2.26
4.8
9.65
8.11
9.3
11.0
1.82
3.33
3.86
2.79
4.88
4.82
6.45
6.92
4.63
4.20666666666667
6.08
-2.08
4.48
6.14
8.35
4.68
3.66
1.0
9.89
7.09
2.92
3.8
10.85
4.67
3.09
2.69
3.63
4.64
0.92
1.16
2.88
4.2
10.42
6.76
2.03
3.66
4.95
3.8
3.98
0.37
1.38
5.17
5.9
9.21
9.72
4.5
5.8
0.9
5.49
9.1
8.05
8.08
12.15
12.16
12.06
0.18
6.8
6.64
7.04
4.17
8.495
4.01
5.77
6.31
7.65
-0.48
5.75
6.95
6.03
6.07
4.98
9.9
10.07
6.35
9.7775
10.6
9.53
5.75
10.0
7.66
10.74
7.72
3.65
9.2
8.07
8.13
8.01
7.32
7.2
6.7
4.95
5.09
4.6
7.55
8.51
8.3
9.24666666666667
7.5
9.2
9.7
9.84
8.28
10.6
8.4
10.63
8.2
9.2
6.95
7.26
5.15
4.92
4.58
5.48
7.3
2.95
4.82
5.35
5.52
1.96
1.8
6.2
7.2
3.82
7.0
3.48
1.97
11.01
4.98
6.15
5.23
5.71
5.57
5.96
6.02
5.62
8.92
6.04
6.35
6.58
9.42
7.46
7.21
5.3
6.4
8.6
4.34
6.34
6.49
4.63
2.88
6.16
3.7
7.29
6.59
5.14
6.75
4.43
8.3
7.23
7.4
6.6
4.17
-8.0
2.85
1.41
10.46
3.88
4.62
4.4
3.7
4.3
8.0
8.95
9.12
12.13
4.64
4.32
8.99
8.83
10.41
8.72
4.86
6.91
6.77
6.99
6.81
7.0
8.85
8.61
6.23
7.26
7.85
7.7
7.71
6.4
7.8
10.3
9.87
7.83
8.04
7.72
7.95
7.92
8.74
9.24
1.08
9.535
4.97
6.41
3.96
8.66
8.17
7.81
7.82
12.1
9.7
9.3
8.5
7.0
10.57
9.24
8.3
8.3
8.6
11.28
5.22
7.72
0.65
0.4
-3.05
0.41
0.35
-0.61
-3.15
3.51
2.87
3.52
-2.54
3.97
3.45
5.78
8.2
5.6
4.4
3.0
3.68
-2.555
4.5
4.54
7.2
6.24
5.45
5.9
5.99
5.34
8.29
8.49
4.76
4.69
7.71
6.82
6.79
7.2
6.32
2.46
8.3
4.09
5.32
4.62
3.95
8.57
6.25
4.3
7.98
7.18
5.36
7.49
7.52
9.67
4.64
10.23
5.11
5.52
8.84
10.27
6.99
11.04
6.1
9.12
9.82
7.0
6.41
6.01
6.71
6.15
6.84
7.38
9.54
8.475
12.25
6.76333333333333
8.97
3.2
8.6
7.5
9.82
7.8
7.6
6.7
9.25
7.7
9.7
5.65
5.96
9.12
10.13
4.89
8.96
8.11
7.7
9.3
5.52
10.02
9.23
11.3
8.8
8.1
10.6
10.61
7.5
8.1
0.57
0.02
0.56
0.58
0.88
5.7
1.04
1.05
1.25
5.66
3.22
3.71
-3.31
7.2
5.6
6.07
5.54
6.5
6.31
8.17
8.02
8.5
10.23
8.52
9.2
3.18
9.16
2.37
4.6
5.4
6.56
7.62
9.29
8.57
9.3
6.74
9.46
10.28
8.9
8.35
6.64
6.1
6.07
9.3
10.94
9.42
9.03
8.62
7.8
7.79
8.6
9.13
8.69
8.42
7.68
8.7
6.76
9.47
9.87
9.54
10.61
7.6
7.5
4.39
7.42
6.72
4.67
9.3
1.59
9.5
1.34
1.26
1.41
3.47
7.08
7.22
6.21
6.25
6.2
4.59
6.76
2.69
6.5
7.72
7.97
7.96
8.64
7.18
7.14
6.89
7.07
9.4
5.3
10.71
2.6
2.5
11.79
4.94
7.52
8.94
8.63
7.55
8.46
5.61
7.05
9.7
4.84
5.31
6.99
9.15
7.58
9.05
9.3
6.67
9.54
9.77
4.4
7.8
9.54
6.24
6.62
5.58
9.48
11.25
10.6
6.5
4.9
4.9
4.82
4.49
3.9
10.6
5.0
5.41
8.9
7.07
9.94
8.69
12.05
6.2
7.81
9.0
9.26
8.08
8.05
8.6
7.12
9.97
9.4
9.3
7.11
7.49
8.79
2.58
5.72
11.34
8.75
8.83
8.71
9.41
7.46
8.2
7.96
5.12
7.08
10.15
9.515
5.75
9.3
7.0
4.12
9.48
5.04
10.6
6.4
6.6
4.65
10.11
6.86
9.1
6.7
3.4
5.83
3.41
8.29
7.83
8.15
7.9
9.59
7.98
7.65
6.29
8.8
8.95
8.8
8.8
7.25
8.03
8.5
9.0
6.9
9.41
9.82
6.67
9.0
7.52
7.3
4.88
8.57
10.18
8.55
8.51
10.35
10.2
8.84
9.54
9.59
6.2
4.4
2.6
6.69
6.23
6.6
7.52
8.77
9.89
7.46
5.68
6.39
9.55
8.5
8.26
7.4
8.53
6.47
6.9
9.23
7.53
9.95
8.7
10.04
13.0
10.5
8.71
8.79
4.87
6.1
8.4
8.6
9.5
7.44
3.2
7.53
7.54
7.99
8.07
6.1
6.83
8.4
3.59
4.48
8.8
8.62
8.07
8.8
8.8
10.14
8.5
4.51
9.31
6.1
4.65
3.7
6.7
9.2
9.0
6.81
8.73
8.82
8.79
8.7
8.61
8.4
7.73
8.88
4.675
8.86
6.98
8.0
7.57
12.5
7.7
6.2
10.6
9.19
2.7
8.8
8.9
6.93
8.68
8.68
5.86
6.95
8.84
8.92
8.91
9.07
8.86
7.03
7.17
7.12
7.9
8.5
4.84
4.69
6.54
-0.92
8.07
9.2
8.78
8.84
7.74
9.7
11.0
5.6
9.25
7.15
11.0
5.6
7.9
2.5
5.37
2.53
-0.57
7.09
1.82
8.54
9.66
8.5
0.93
8.49
5.9
0.8
9.72
9.83
7.27
2.97
2.55
10.98
13.4
7.69
1.2
4.75
9.55
10.73
7.95
5.2
7.16
9.98
7.3
7.5
6.64
10.55
9.64
3.8
3.61
1.24
0.61
1.31
2.6
2.61
7.07
5.44
9.3
13.57
8.19
2.31
4.11
5.57
2.34
9.4
7.8
5.26
7.75
3.09
3.27
5.06
19.13
9.74
11.29
7.86
5.91
7.58
9.775
7.64
10.22
9.27
6.71
-1.9
8.93
9.89
9.04
5.95
1.19
8.32
5.15
4.77
10.65
9.96
9.15
9.43
3.65
9.67
10.0
9.3
10.81
9.41
10.85
11.3
7.55
10.0
1.55
1.49
8.98
8.84
9.28
5.97
10.7
10.56
11.05
10.73
10.05
10.0
9.15
9.15
9.53
5.62
9.74
9.92
10.35
8.8
9.12
9.43
9.04
8.48
10.78
10.91
10.81
7.82
10.46
9.88
7.35
7.63
10.0
6.58
6.85
10.11
9.53
10.67
9.995
9.67
9.24
8.98
11.5
2.9
2.57
2.33
8.59
8.68
1.87
10.46
9.17
13.0
7.48
12.7
6.7
7.2
0.16
0.4
5.7
2.83
5.19
3.14
12.25
9.42
10.63
0.28
2.3
3.66
7.51
7.97
2.48
6.38
9.0
6.54
6.37
7.26
9.86
10.39
9.34
4.05
9.85
2.39
3.81
5.52
13.4
4.59
5.78
9.65
6.185
9.54
8.875
5.3
7.75
7.85
8.1
8.31
7.17
15.67
5.69
11.3
5.335
5.37
10.96
1.8
1.91
8.0
8.71
9.67
10.16
9.91
10.19
10.15
10.48
3.16
6.9
7.71
9.8
7.94
7.01
7.98
5.23
7.5
11.24
8.72
8.9
7.66
9.49
10.11
10.6
9.13
9.98
10.22
7.8
10.43
10.75
9.85
10.78
8.53
8.12
8.96
9.9
9.09
8.73
6.67
9.6
10.63
5.8
10.9
8.86
-1.71
10.65
10.89
9.62
10.39
10.93
10.3
10.17
13.9
13.6
9.76
10.52
8.8
8.81
10.9
9.43
9.23
10.34
6.81
7.14
10.62
10.19
6.38
10.7
10.03
9.86
10.28
9.67
7.34
10.24
10.73
10.99
2.94
0.9
9.4
0.72
7.76
2.97
3.25
1.82
-0.7
1.86
8.49
2.84
8.81
8.43
11.08
0.9
7.15
2.77
7.33
-0.53
7.15
4.83
4.77
5.26
4.59
5.0
3.8
4.68
3.8
2.6
12.3
8.2
11.09
11.68
13.0
-0.65
3.9
3.44
2.28
1.99
3.22
3.46
1.42
6.95
9.0
3.6
3.16
1.84
2.5
3.7
0.75
3.61
9.29
9.94
8.6
7.73
8.0
7.3
12.02
4.9
5.58
5.05
3.66
2.23
4.2
3.15
6.12
3.82
9.06
6.84
12.4
4.55
7.38
-0.22
0.48
6.23
0.0
8.05
4.32
8.19
7.64
6.31
3.71
3.6
3.45
10.21
7.05
9.92
2.36
9.87
9.23
9.95
10.585
6.6
3.92
9.33
8.02
8.5
4.82
3.96
3.58
7.88
7.03
2.0
9.97
4.0
6.2
12.6
7.91
9.35
8.33
11.94
9.3
9.15
10.06
10.63
6.34
7.95
4.18
8.0
5.7
7.94
4.95
4.05
10.96
8.19
8.99
10.92
10.98
10.24
10.67
8.4
10.63
6.95
2.13
7.72
8.4
8.95
10.075
9.825
10.16
11.03
9.695
10.19
7.71
9.69
9.9
10.12
10.76
7.18
6.16
7.0
10.6
9.13
9.86
9.98
6.66
9.84
9.45
9.33
10.0
10.68
11.02
10.03
10.91
10.78
11.04
9.91
10.52
10.64
10.6
8.85
9.84
10.2
10.11
9.36
10.62
8.88
7.76
8.37
11.01
10.3
7.0
9.93
7.08
6.8
10.565
9.23
10.24
9.91
10.72
9.19
11.11
10.3
1.0
5.1
1.85
1.48
1.91
2.76
4.13
2.4
6.23
6.81
6.52
2.49
0.36
2.07
-0.3
1.6
3.95
4.63
3.73
3.86
3.4
4.9
4.83
0.41
3.41
2.4
3.96
2.64
2.69
2.58
3.41
2.96
3.79
3.57
3.32
2.25
3.94
3.4
-0.68
9.1
1.03
2.6
6.59
6.275
0.65
5.36
2.42
2.29
2.6
2.85
9.19
8.8
2.21
2.44
2.62
0.87
0.78
1.19
3.1
0.3
1.91
2.95
4.56
2.35
9.9
-1.14
-0.57
4.3
9.76
6.08
6.15
5.98
4.6
11.04
3.27
2.86
4.32
5.02
4.61
4.53
4.31
4.78
8.43
4.61
3.2
3.1
6.3
3.33
4.89
3.34
5.54
4.55
5.41
5.0
-0.32
9.77
8.1
5.1
1.36
5.97
3.62
4.46
3.71
8.62
3.58
7.22
7.48
7.24
3.99
4.1
4.11
2.11
4.13
9.44
2.24
6.41
7.13
12.5
8.33
6.16
5.04
4.43
8.3
2.1
3.65
4.1
5.03
9.03
5.7
5.5
10.7
8.2
10.13
8.4
7.0
7.55
3.04
2.11
1.0
7.32
8.7
8.5
1.95
3.25
9.81
5.1
1.96
2.04
3.98
4.93
6.85
9.14
6.35
3.96
6.1
4.58
4.76
4.47
9.21
11.13
3.43
-1.0
3.59
9.17
4.03
4.17
5.0
7.84
2.65
9.68
8.96
9.7
6.67
6.35
2.7
9.37
9.44
9.51
10.0
2.8
4.0
5.75
7.62
9.6
8.35
8.53
0.9
3.15
6.74
6.08
9.82
-7.58
4.24
4.2
8.72
7.35
5.54
7.27
8.7
9.07
8.72
9.92
6.98
8.79
7.14
8.2
4.48
7.35
7.04
2.8
3.0
8.13
2.9
8.49
10.64
11.74
11.88
11.04
9.38
10.62
11.42
9.43
10.19
7.05
9.93
5.88
10.4
9.62
8.96
9.7
10.1
10.02
6.25
8.3
7.62
7.1
8.8
8.28
7.23
5.61
5.52
5.1
6.7
7.0
10.78
9.78
10.6
10.61
11.22
10.26
10.96
7.5
9.78
9.2
9.5
5.9
9.49
10.18
9.35
10.15
8.6
8.29
8.31
7.17
6.91
8.28
8.36
10.66
10.98
10.34
10.975
10.4
11.0
10.55
11.69
9.6
10.0
9.69
8.7
8.9
8.7
9.1
7.3
10.09
9.49
9.8
9.88
10.8
4.33
1.73
4.86
5.11
2.5
8.78
11.05
3.77
0.13
0.66
0.42
-3.92
1.92
1.38
0.78
0.7
5.51
4.48
3.78
2.83
0.95
5.69
11.95
3.73
2.45
-3.41
4.87
3.49
1.04
6.19
7.02
0.47
-0.82
-1.01
2.87
2.4
8.19
5.62
4.87
4.92
6.11
5.15
3.29
4.355
3.15
7.49
5.0
1.12
2.27
3.3
3.6
3.32
-0.46
1.74
3.38
3.23
3.89
4.45
5.8
2.41
4.87
1.37
3.14
0.8
-3.2
3.58
4.09
4.05
2.22
4.22
2.56
10.04
2.45
3.44
11.8
5.87
4.44
3.8
2.4
4.72
4.34
4.97
3.02
1.64
1.97
3.8
8.59
-0.28
2.47
3.96
6.16
2.16
2.51
0.5
10.0
8.64
2.98
9.33
5.94
5.57
5.98
4.7
6.4
6.53
6.15
4.45
6.85
4.8
9.36
10.79
3.47
4.5
8.58
4.8
4.53
3.87
4.6
5.0
5.56
4.24
3.66
4.29
5.2
6.0
4.23
4.51
9.14
9.06
4.34
5.38
5.68
8.6
8.3
3.1
4.05
4.4
4.25
9.65
3.83
4.39
3.02
9.04
4.3
4.84
4.54
2.4
4.46
4.03
4.62
3.52
7.12
8.12
5.32
5.21
5.09
0.98
0.69
2.58
4.25
9.22
9.26
9.22
8.72
1.58
7.14
0.86
4.91
2.8
6.2
5.97
5.16
4.37
5.2
4.47
4.94
4.81
3.84
4.56
6.02
5.72
5.83
9.51
9.37
5.36
4.94
4.59
5.1
9.89
7.15
7.11
4.06
4.62
5.0
3.86
4.15
5.25
4.51
4.4
3.42
4.6
5.93
5.57
5.9
4.09
9.92
8.94
4.42
8.7
3.72
8.89
5.4
8.89
4.96
5.57
9.35
6.37
3.49
4.25
4.73
9.77
9.77
7.25
10.05
7.85
10.1
5.85
9.77
7.33
1.53
2.77
8.26
7.455
7.82
4.18
3.19
10.59
7.69
4.55
6.05
8.2
11.13
9.44
9.6
8.2
8.92
9.48
10.15
1.61
7.02
11.5
8.38
6.1
9.21
4.79
9.66
11.57
9.24
11.88
11.44
9.47
11.29
7.45
6.19
8.87
10.92
7.1
10.87
10.85
10.56
9.15
8.06
6.66
10.24
5.28
5.02
9.33
7.16
9.29
8.32
8.6
9.23
8.54
6.63
10.36
10.45
10.68
11.1
10.21
10.96
10.48
8.7
9.83
10.13
9.97
9.25
8.3
9.66
10.37
7.63
8.31
10.97
8.32
8.85
10.76
11.29
10.99
10.94
10.77
11.44
10.59
10.84
10.4
10.08
8.9
9.1
8.68
9.03
10.27
7.05
10.4
8.31
9.8
8.55
9.59
10.2
10.74
0.77
0.18
2.21
3.47
2.29
0.64
1.4
3.12
3.31
2.72
3.41
10.01
3.94
1.92
9.27
9.1
9.81
12.01
10.69
-1.11
5.46
1.07
2.95
2.62
3.29
3.57
2.7
4.85
2.81
3.68
6.84
3.93
3.66
5.79
3.31
5.16
-4.1
2.9
3.7
6.18
5.65
0.51
5.81
6.3
8.72
4.4
6.1
3.75
4.82
8.61
8.01
7.36
8.23
2.93
8.12
2.15
8.51
18.34
-5.19
4.8
6.47
5.67
5.79
8.98
6.95
8.1
4.0
5.25
8.02
8.5
1.08
1.23
1.44
9.2
2.27
3.61
2.31
2.44
3.55
3.2
4.1
8.44
9.64
5.2
8.26
4.3
-2.5
5.05
5.01
2.97
1.78
9.6
6.2
8.77
6.04
4.5
6.7
4.36
5.64
5.29
12.58
4.63
4.55
9.17
1.73
3.76
6.6
10.0
6.9
4.48
4.65
3.43
3.51
17.56
8.08
6.71
7.97
8.46
9.48
6.65
4.96
4.17
5.0
6.76
9.55
9.21
6.66
3.06
7.29
5.65
8.18
1.6
6.1
8.7
3.7
8.3
2.57
3.71
2.58
4.25
9.155
9.27
4.75
5.5
-2.3
6.05
10.71
10.97
3.3
-0.53
5.36
4.97
8.28
7.41
5.26
8.79
7.81
5.33
9.93
9.3
7.15
2.23
3.49
5.8
3.1
8.97
10.23
9.75
5.12
6.02
5.72
4.37
5.15
4.42
9.9
5.67
9.94
9.93
5.56
5.32
10.38
5.95
5.82
10.27
8.0
7.06
7.06
5.35
5.9
7.87
4.67
4.71
4.22
8.6
5.86
9.36
9.31
4.05
7.1
7.3
9.3
9.06
3.73
9.51
6.01
5.83
4.53
4.59
8.84
10.85
3.43
9.39
9.41
7.17
8.69
8.26
5.3
5.08
4.68
4.19
3.7
5.17
10.18
10.16
9.41
10.23
6.16
9.7
9.54
6.18
1.4
10.0
7.42
4.84
8.8
11.7
5.33
9.4
9.27
9.64
5.01
10.08
4.64
4.36
7.2
5.19
10.7
10.9
11.88
11.15
8.7
9.22
9.5
7.07
9.13
7.96
10.04
9.12
8.51
9.25
5.19
10.47
10.01
10.14
11.17
10.46
10.24
10.76
8.9
10.33
10.1
9.49
8.2
8.27
11.02
10.47
11.86
10.06
7.83
9.07
9.0
8.9
9.0
9.33
9.2
8.89
9.32
4.9
9.55
10.0
-0.71
-0.62
5.99
-0.8
2.89
2.61
-0.78
-0.77
2.7
-0.44
3.54
3.68
2.88
1.94
-0.82
0.3
5.36
4.89
4.65
4.18
4.93
4.62
5.72
1.01
5.26
5.48
5.02
5.7
5.85
5.66
5.2
11.25
4.8
-1.2
4.5
-0.57
8.29
2.33
3.31
0.39
10.21
10.82
6.0
4.32
0.95
2.8
5.63
5.46
6.65
4.01
7.17
6.06
5.59
6.28
7.62
-1.15
3.21
0.28
3.13
2.9
9.88
1.8
10.71
9.74
6.0
4.1
9.23
0.26
4.33
4.16
-3.16
2.6
3.99
-5.53
4.03
3.06
3.04
4.1
1.36
6.96
2.35
2.8
7.44
1.1
1.15
1.81
0.4
5.05
2.81
-0.96
10.76
13.1
4.62
7.87
9.18
4.6
1.07
8.8
1.77
12.83
-2.15
2.66
3.05
5.46
8.51
9.1
2.07
8.2
-1.3
9.97
4.94
3.53
9.0
7.3
2.49
8.22
8.04
3.28
8.06
9.11
8.11
1.7
2.22
2.19
3.78
9.62
5.67
9.78
8.71
4.62
4.04
8.68
5.72
8.7
10.6
10.21
10.34
10.38
9.47
8.2
7.39
8.53
5.3
10.1
6.91
8.91
10.73
10.08
9.39
11.3
11.25
11.01
11.9
9.0
8.8
8.83
11.1
3.96
4.67
3.8
4.25
4.76
4.4
4.13
4.42
4.55
-1.6
2.86
2.8
-6.6
11.02
5.25
3.92
4.01
3.17
5.29
0.56
3.41
3.88
-0.82
3.7
4.93
4.95
0.59
2.58
4.84
5.69
8.83
7.0
5.7
10.22
4.19
7.26
4.1
0.5
7.69
0.25
11.715
5.31
6.12
2.4
4.69
9.51
9.12
3.2
9.58
10.0
7.71
10.67
5.42
9.24
7.41
3.39
9.99
10.76
9.44
7.18
6.49
10.02
4.8
8.02
3.67
9.6
7.47
2.64
9.54
8.7
9.55
8.65
6.75
10.47
11.0
10.56
9.91
10.52
9.0
10.18
9.8
2.36
1.2
6.15
7.01
3.98
4.2
3.3
2.34
4.36
7.39
3.33
5.89
3.66
0.76
2.82
4.16
2.86
4.44
8.99
4.25
4.19
8.33
10.4
3.34
8.48
6.7
5.97
6.12
6.17
9.6
5.6
5.93
8.9
11.01
8.23
8.5
8.06
6.19
6.32
3.15
8.65
8.62
6.39
2.36
8.2
8.77
10.15
9.6
10.8
9.1
3.9
3.99
4.96
3.9
6.0
6.24
5.59
5.26
5.88
4.78
6.77
5.87
4.84
4.47
6.18
11.49
3.01
4.73
5.0
7.05
5.355
6.3
1.44
7.73
3.2
3.81
3.04
9.94
4.2
2.26
4.55
5.2
8.05
7.18
8.4
6.5
8.88
10.2
6.5
7.85
5.34
8.67
8.9
7.91
7.95
5.59
10.08
8.55
8.08
10.08
10.52
8.9
6.74
4.25
4.39
0.7
4.5
2.38
5.44
5.94
7.14
6.45
6.08
4.83
4.85
3.9
3.95
5.99
10.35
3.9
5.26
4.5
-1.82
4.01
6.1
2.4
6.39
4.43
9.23
7.1
4.2
7.0
6.22
8.01
2.93
10.17
11.6
4.1
8.24
10.4
10.62
11.01
5.0
0.7
-0.87
2.8
7.5
0.84
4.7
1.81
3.01
7.5
5.27
5.93
6.26
6.79
6.16
5.0
4.91
2.99
2.33
7.65
4.89
9.12
4.63
5.35
6.71
9.12
8.67
10.29
8.19
9.54
9.59
7.9
6.16
7.41
6.28
8.37
0.87
0.91
5.3
7.55
6.45
6.38
10.73
6.64
2.16
3.35
9.61
6.37
9.325
8.66
6.5
7.24
4.56
7.2
7.1
5.5
1.12
8.52
4.9
6.75
10.42
10.06
7.13
8.65
2.59
8.88
8.945
9.2
10.2
9.66
9.6
9.595
9.69
9.2
6.7
4.72
7.0
9.12
8.31
6.3
6.01
7.67
8.05
10.65
7.05
8.5
8.28
10.37
7.27
4.89
7.8
7.31
7.68
9.5
9.7
8.31
6.9
9.0
10.02
8.11
8.36
9.01
6.3
1.22
4.9
9.0
6.09
6.17
7.24
8.96
8.03
8.7
8.67
6.54
8.46
3.33
5.6
8.18
8.09
5.43
9.65
7.28
8.62
9.28
8.71
9.13
7.54
8.86
7.2
5.7
8.74
6.81
5.34
8.7
8.58
10.35
9.4
0.25
4.3
6.05
-2.51
8.79
4.95
10.84
5.2
10.89
7.12
7.92
9.83
10.36
9.59
-1.3
3.66
11.0
4.0
30.9
9.43
5.46
7.53
6.15
9.1
10.11
6.31
8.54
1.02
10.64
9.91
8.63
9.53
1.02
9.93
9.06
8.28
7.61
10.36
13.6
9.6
9.36
9.55
9.48
10.95
7.66
6.19
9.89
10.94
9.3
1.3
0.57
8.23
11.19
1.4
6.69
3.55
3.14
7.15
5.71
6.03
9.23
4.23
9.54
5.29
4.5
9.4
7.91
10.4
7.15
7.74
9.81
9.05
-2.0
4.65
10.58
9.39
9.86
9.62
10.06
10.78
7.5
9.03
1.04
10.8
11.03
5.6
8.96
8.51
6.25
10.29
0.55
2.77
-0.44
-1.13
2.45
7.74
-0.59
-0.5
4.23
8.99
8.6
3.25
9.89
9.16
6.08
9.8
2.5
2.52
9.73
6.96
3.7
6.25
10.75
4.52
11.1
8.39
7.65
10.7
8.95
10.72
9.64
8.09
3.56
6.08
7.64
10.5
9.57
8.7
6.27
8.75
12.7
11.9
10.99
10.89
10.08
9.43
7.08
9.535
9.71
10.5
8.3
8.27
9.05
11.2
10.96
10.4
13.8
9.75
8.69
8.73
10.46
10.13
6.88
10.55
9.15
10.75
-2.98
-0.26
5.5
2.3
-0.88
6.1
4.05
5.32
3.79
3.59
4.64
3.59
4.58
7.18
-0.24
8.0
2.5
9.11
3.14
8.74
1.0
2.84
9.2
-0.9
5.81
-0.59
5.41
9.92
3.7
6.65
4.29
4.66
5.7
4.45
4.58
7.4
2.7
1.95
9.15
8.47
2.1
4.24
10.06
1.61
2.87
8.65
6.63
-2.42
2.85
5.23
8.47
9.14
4.17
4.81
5.15
6.97
8.55
10.31
3.94
6.1
9.37
8.93
11.7
4.55
3.5
7.4
8.88
9.6
7.05
7.9
6.45
10.35
6.89
9.0
5.18
10.68
10.99
10.52
8.55
10.16
10.6
10.95
6.66
12.02
10.87
9.75
8.7
9.77
9.62
10.39
10.36
10.59
-0.73
4.4
8.95
-0.83
1.25
1.31
1.74
8.65
4.51
2.92
0.34
0.69
8.34
4.6
3.05
-0.62
2.1
4.55
2.21
4.7
5.13
4.02
9.24
3.38
2.7
4.09
5.08
3.0
8.5
-0.33
7.63
7.27
4.17
-7.0
9.54
5.04
6.77
6.57
3.16
3.56
4.02
5.08
6.49
3.61
5.35
8.89
5.37
5.4
3.54
9.66
5.84
5.14
2.01
5.58
2.56
9.42
8.77
-7.0
5.29
4.75
7.35
9.36
9.23
9.64
4.24
9.67
5.28
3.72
5.71
3.72
8.94
8.6
3.78
3.36
5.36
9.33
9.98
9.77
6.8
10.32
7.38
3.77
4.69
6.73
7.55
9.68
7.12
8.31
10.74
8.31
11.33
8.9
10.095
6.91
8.45
6.79
7.14
7.31
9.78
11.27
8.7
11.9
10.42
8.26
8.78
10.83
10.28
10.4
9.65
8.9
7.31
11.0
4.3
3.51
3.65
0.85
8.61
11.99
4.63
4.46
5.04
4.6
4.8
6.6
2.21
2.13
5.67
8.15
5.44
8.23
7.25
4.7
-4.9
5.49
6.29
3.18
6.1
2.4
-1.6
5.86
8.05
5.84
4.93
5.66
6.55
5.57
6.47
3.3
2.19
3.48
8.1
6.85
6.6
5.35
7.0
6.71
10.06
3.6
8.46
9.0
5.2
5.2
9.0
7.88
5.64
5.26
4.0
4.36
4.92
6.12
9.78
6.0
5.72
6.3
5.52
4.25
4.89
9.79
8.81
5.7
8.01
8.77
9.02
5.18
10.28
9.77
7.2
10.3
3.8
6.16
9.61
8.31
6.16
10.405
10.45
10.95
10.1
8.55
10.08
5.84
10.65
10.51
10.29
10.6
4.0
11.2
9.1
9.2
8.83
9.65
-0.67
2.6
-0.79
-0.76
3.46
8.22
3.7
5.6
0.7
4.3
5.4
11.74
3.95
8.83
6.39
2.52
6.2
5.05
1.31
3.18
5.67
1.79
4.9
12.2
-5.02
5.7
9.45
4.64
1.71
4.05
6.05
